     81095
     33227
      2697
     99593
     30386
     66848
     35107
     53620
       392
      9767
     15057
     76970
     90894
     67447
      9474
     92698
     60359
     14487
     91847
     72571
     15725
     39537
     37988
     88416
     52130
     39281
     84666
     50014
     34514
     39100
     79391
     37705
     65805
     32332
     76052
     34861
        46
     58794
      5338
     40662
     58621
     79847
     85798
     40467
     13715
     91998
     78629
     37595
     68676
     67389
     30986
     51188
     43869
     44912
     47687
     25255
     90777
       507
     56761
     28402
     78634
     87460
     17087
     23987
     43879
     44651
     44500
     38442
     16572
     87424
     58023
     15462
     16404
     11816
     51570
     53897
     63156
     11479
     90363
     71307
      8719
     62408
     51000
     68774
     44833
     59748
     20435
     16597
     36776
        60
     98425
     80869
     79122
     54725
     21547
      7572
     22351
     26584
     46091
      6916
     79469
     15671
       950
     75196
     97199
     52873
     49886
     57853
     19899
     70583
     87610
     13172
     76173
     41702
     31477
     48372
     57372
     22454
     53893
     23264
     32752
     65090
       998
     53945
     41905
     56176
     93666
     15096
     65953
      8471
     88879
     70043
      1713
     85279
     64012
     49132
     37536
     80215
     56195
     83171
     39038
     61011
     17468
     24042
     92439
     77118
     67033
     80274
     44656
     94365
     86844
     73161
       326
     51486
     16093
      9934
     80692
     13748
     21143
     78111
     71113
     73777
     44243
     75147
      8486
     38492
     15267
     71489
     23967
     44401
     51025
     18126
     86861
     42720
     84900
     83903
     39931
     67701
     42841
     91741
     15343
     29509
     19744
     24633
     87013
     58751
     76454
     44367
     11916
     48960
     22027
     95035
     69357
     59614
     83927
     79301
     40054
     94488
     13640
     43960
     52536
     88679
     75263
     65453
     21521
     48247
     10639
     12296
     39042
       912
     96186
     49315
     62757
     31892
     87536
     75098
     19764
     24111
     80639
     85125
     28035
     18219
     14440
     23080
     97549
     43738
     38332
     19443
     22490
     12957
     31789
     60227
     97925
     93919
     38490
     95312
     32130
     61326
     59242
     73638
     57870
     89449
     55166
     20036
     37010
     33949
      3851
      9479
     42572
      8770
     71076
      4749
     66034
     16356
     33067
      6873
     50594
     19376
     54236
     44309
     33428
      7450
      5537
     25469
     25197
     12298
     58988
     40271
     58827
     34474
     40144
     92139
     84948
     62652
     84628
     71004
     86621
     48984
     61397
     67388
     21013
     81504
     12553
      2337
      8998
     45127
     92071
      6730
     24329
     54951
     75643
     55535
       406
     49398
     90588
     15439
     86998
      9147
     31239
     74582
     73228
     68571
     20134
     14454
     62711
     73089
     82198
     34436
     61134
     44255
     94832
     44658
     14320
     26212
     35802
     85476
     28873
     76340
      7346
     68246
     78612
     68036
     84093
     34972
      7148
     93412
     81720
     66910
     53487
     73857
     42155
     49651
     13991
     44798
     10666
     81585
     20438
     46516
     45819
     94008
     26168
     96945
     19506
     50843
      2878
      4877
     42695
     35557
     41875
     56959
      3236
     75526
     88586
     47693
     85093
      8872
     88412
     12238
     60554
     59393
     79696
     79740
     18597
     84567
     62597
     36068
     38537
     64088
      7152
     33313
     60447
     92183
     23805
     28631
     62658
     44475
     89090
     74535
      4461
     93549
     48147
     13249
     44166
      7163
     43025
     26944
     36695
     92166
     54246
     44048
     30241
     20637
     31323
     12395
     26459
     99349
     96749
     64618
     93310
     64384
     59421
     58967
     30820
     95517
     76775
     45988
     79598
      2305
     89826
     15329
     89869
     44204
     86164
     90909
     17060
     54689
     62483
     99038
     94867
     93740
     53161
     22371
     26062
     39717
     33290
     31050
     89514
      3474
     49316
     72730
      1576
     18861
     17682
     58453
      4239
     79345
     78902
     60467
     91661
     17431
     55005
     14239
     18327
     91614
     48655
     79983
     42252
     17122
     73069
     82720
     40810
     34760
     92674
     20989
     42134
     40200
     50681
     87099
     16510
     69044
     37786
     73690
     76511
     12882
     83742
     34134
     49018
       515
     36554
     85847
     29189
     28096
     26626
     64993
     33527
     94858
      3983
     26032
     40500
     42851
     91480
     12156
     42696
     45530
     11559
     88275
     45811
     14224
     68714
     46399
     78870
     41304
     61863
     15229
     92479
     76074
     54285
     33031
     47809
     42069
     91892
     21401
     51379
     48883
     54034
     29583
     57809
     81042
      4613
      9589
     39701
     73704
     16151
     88413
     22211
     30238
     90709
     22280
     18438
     98716
     83273
     56374
     68500
     11988
     67079
     39077
     49994
     35036
     45474
     53017
     86124
     91953
     29808
      1941
     59330
     51343
     89819
     45509
      2108
     24974
     88112
     20068
     56173
     63747
      6053
     71996
     80728
     72803
     29668
      5595
      3957
     66707
     28788
     28563
     84431
      6152
     59413
     79174
     73366
     44971
     36148
     36449
     38592
     12657
     39619
     55846
      2288
     20276
     30746
     57452
     20366
     28397
     28769
     39058
     60489
     11094
     50416
     44020
     50970
     69557
     54394
     20187
     43068
     55819
     32990
     38880
     85133
      7828
     75664
     64986
     63707
      7097
     84744
     27980
     69650
     81964
       547
     55717
     15654
     31391
     90613
     64782
     29035
     92110
     95704
     41897
     76383
     36221
     64541
     25326
     98923
     47873
     80395
     51497
     25805
     76422
     25204
     82109
     46758
     59501
     56879
      5324
      1031
     83081
     41387
     89694
     98767
     91941
     10123
     65760
     83502
     40398
     25515
     83991
     17636
     99650
     98892
     38683
     20281
     80611
      5863
     76955
     41290
     22232
     39689
     54019
     79970
     12594
     11266
     65925
     29200
     37808
     93114
      9505
      1897
     20482
     85364
     11798
     72038
     99630
     99414
     45057
     93898
     29039
     32011
     74431
     67170
     46701
     90986
     85044
     20150
     74031
     77610
     74190
     63461
     53514
     43155
     23551
     95255
     63615
     89491
     74068
     46647
     52399
     22261
     28933
     74774
     88215
     47377
     33346
     89583
     91665
     57323
     33732
     39512
     88636
     46388
     69158
     74807
     17360
     46859
     66864
     94684
     68519
      1493
     91021
     34135
     58991
     70190
     67870
     28431
     67878
      8224
     25332
     58770
     65959
     68309
      6974
     57957
     57181
     17440
     44771
     41368
       198
     74825
     96883
      1126
     30606
     61106
     64984
     43761
     67729
     22112
     42821
     92263
     21717
      3135
     68163
     50781
     84489
     84631
       932
     95664
     42941
     89131
     83464
     61388
     77622
     93875
     99633
     29342
     54100
     87855
     56773
     48087
     14815
     63288
     28032
     88291
      5397
     29123
     69815
     27662
     97948
     23325
     41159
     15652
     11445
     51254
      2150
     43876
     14732
     35457
     44485
     88829
     71348
     17648
     19344
     35073
     14511
     31226
     44924
     67372
     61427
     66605
     11452
     21074
     89911
     63106
     12784
      6307
      5372
     79771
     27787
     44690
     33483
     56010
     38004
     48002
     67029
     40382
     65929
     69092
     16535
     18396
     79814
     56662
     40985
     80188
     86897
      1784
     93425
     11387
     72766
     60631
     27386
     45157
     91288
     97160
     63890
     32318
     36421
     59321
     61577
     62690
     63638
     18897
     76737
     66978
     31714
     12189
     71832
     45012
     45077
     93376
     22665
     58385
     26012
     41022
     49225
     65106
     60575
     68844
     43006
     37439
     12753
     97108
     45249
      8894
      7845
     45223
     49569
     96124
     30935
     42520
     90120
     47652
     76164
     51936
      4348
     66501
     74161
     74217
     32759
     34910
     88759
     73175
     39957
     27026
     54553
      6038
     22392
     35513
      3027
     90980
     25206
      2064
     86117
     22142
     42038
     82702
     61278
     80493
     28941
     54567
     45669
     97923
     73973
     99122
     32680
     46971
     83939
     98986
     76226
     70316
     24585
      8273
     14054
     73151
       587
     54673
      2906
     84139
     93766
     12486
     34083
     40350
     46766
     39294
     14333
     55870
     41658
     92620
     82393
     79342
     48983
     51424
     97704
     89688
     38929
     73855
     22209
     10292
     51350
     59639
     33279
     21338
     23026
     58962
     80946
     47115
     20186
     33095
     86135
      1674
     96296
     46444
     27700
     76958
     71209
     31275
     33646
     81753
     96046
     52969
      7384
     47256
     26505
     58152
      2096
      5289
     51940
     44240
     45228
     99434
     44535
     87524
     55413
     83583
     48283
     69694
     20821
     66517
     33747
     89116
     33860
     16173
      7846
     55196
     19253
     27449
     73510
     81209
     70248
     46358
     69941
     84368
     77790
     69492
      6095
     90898
      7348
     88192
     17980
     30677
     69252
     12359
     67395
     90824
     69274
     31783
       389
     79839
      6014
     83013
     63160
     51371
     69090
     96580
     79028
     17182
     71503
     63598
     19941
     89485
     14230
     28561
     64485
     66784
     96772
     94015
     95979
     84715
     38736
     48895
     73719
     65755
     33637
     91987
     68917
     71098
     24173
     99019
      5371
     69798
     58103
     13374
     90899
     17321
     57876
     49296
     73252
      7950
     92478
     66101
     84601
      1715
      5234
      3380
     11773
     22695
     57602
     16451
     80583
     26592
     25884
     64361
     30024
     56298
     10489
     16211
     86847
      3089
      9369
     45443
     43827
     26010
     21076
      9866
      2474
     75416
     91457
     82750
     40027
     25199
     32244
     98347
      2912
     43986
     11861
       400
     89551
     72502
     27525
     31530
     76986
     50480
     82346
     10575
     73961
     79437
     96499
     71143
     72994
     34682
     14717
     85844
     99261
     19053
     32669
     37259
     17451
     54483
      7865
     44701
     43195
     22507
     82507
     16372
     92644
     21772
     51695
       639
     73314
     26330
     12724
      7873
     24494
       649
     73053
     23143
     25911
     33659
     11420
      1911
     60113
     60904
     50258
     68142
     41330
     21188
     26941
      6776
     83123
     60289
     16314
     14165
     80253
     35205
     31064
     29154
     79005
     87776
     68834
     43267
     40626
     99557
     71322
     58323
      7632
     20785
      7462
     25222
     61641
      1025
     23243
     23301
      1789
     43299
     59789
     29364
     73524
     20849
     45788
     84818
     66045
     26068
     99555
     51376
     18964
     44991
     35626
     30075
     64966
     64229
     13471
     58370
     76399
     95798
     79440
     26427
     80186
     66951
     62416
     30793
     26228
     95379
       384
     29974
     57603
     26424
     50267
     57908
     68459
      3059
     10152
     55004
      4266
     48643
     60298
      6080
     41294
     62124
     18416
     79292
     50288
     67359
     31769
     60749
      4308
     67545
     86909
     21469
     29606
     87206
     83711
     24944
     88895
     29629
     16612
     86380
     45275
     68210
     19557
     59511
     56618
      2137
     14218
      8876
     28313
     90956
     85827
     29711
     34470
       252
     13421
     59675
     92334
     29863
     50501
     91797
     73876
     31660
     73593
      9049
     53795
     45820
      3990
     95843
     28270
     62081
     89532
     82997
      3583
     36472
     67989
     15326
     59950
     35161
     92207
     63175
       984
     14314
     66365
     17716
     97562
     73396
     44188
     26587
     76010
     15959
     73426
     43405
     17026
     15580
     93317
     34204
     47191
     78197
     28872
     66367
     37662
     36930
     36037
     29347
      3974
     36266
     13371
     60980
      8278
     63919
     21562
     57176
     67566
     96360
     84770
     87296
     81362
     96252
      7596
     61721
     98928
     97738
     28806
      8095
     38698
     69885
     25835
     75639
     15643
     21679
     24125
     20279
     60665
     66495
     14323
     56131
     44845
     79433
     56607
     92416
     47721
     64364
     59943
     65341
      4446
     43945
      2932
     43464
      5487
     26774
     41132
     46354
     30049
      5650
     52517
     99174
     51321
     70395
     12524
     13093
     88234
     36882
     57288
     84641
       671
     92477
     56128
     14926
     70390
     62650
     64682
     31645
     23989
     63825
     84010
      7141
     23601
     93950
     47680
     55435
      3016
     81268
     58709
     57552
     17756
     96518
     60648
     96936
     29740
     23714
     21007
     21666
     94458
     14423
     53521
     12975
     11321
     14494
     61667
     60341
     34955
     37589
      8838
     49303
     43072
     95711
     11717
     64153
     55451
     62593
     96167
     59810
     38815
     36834
     78539
     39944
     97359
     48697
     98885
     68863
     32511
     61381
      7811
      6114
     80403
     31290
     83250
     26977
     65831
     91648
     87764
     49149
      7095
     64798
     88612
      7018
     96805
     23160
     95461
     18242
     43837
     25749
     17889
     23053
     28260
     62342
     92719
     69810
     77788
     49546
     66727
     28266
     22189
     10814
     57724
     33265
     81698
     47486
     20502
     84842
      5424
     98412
     51211
     73266
     47581
     68018
      4570
     80705
     43406
     26999
     85255
     24642
     76779
     85880
     58325
     27578
     60144
     70094
     10381
     39028
     61272
     20655
     10855
     66653
     90192
     65771
     93214
      6895
     70018
     52361
     43251
     81040
     84658
     70221
     77060
     88545
     38764
     28166
     24799
     42684
     25845
     75378
     12456
     34866
     49911
      7205
     61927
     53555
     52084
     80478
     79328
      9352
     75884
     59244
     93584
     97229
     52090
     40325
     97414
     97257
     31361
     91396
     74343
     89465
     14752
     34935
     38111
     15212
     22929
     91491
     21868
      9193
     90033
     79920
     13899
     27201
     99981
       261
      3187
     86804
     74205
     13074
     98729
     12940
     62230
     75644
     65508
     70081
     80714
     33172
     54128
     67126
      7853
     25016
      7023
     46679
     71562
     52059
     31135
     37300
     26380
     11419
     91929
     90429
     29588
      7683
     29453
     61202
     22482
     33164
     74335
      9681
     57298
     84380
     97475
      5673
     81914
      1852
     71652
     49710
      2452
     55992
     58472
     93735
      3296
     73960
     69464
     26824
     39827
     30419
     95984
     34589
     87138
      5493
     86612
     59218
     34268
     85517
     37802
     33276
     91410
     13983
     65005
     53212
     31039
     79802
     36977
      4813
      4369
     75952
     37471
     31916
     26915
     47451
     71411
     46001
      9265
      8161
     96970
     68849
     92871
     85841
     69342
     10010
     38712
      9525
      1375
     14108
     11747
     63370
     45890
      2163
     73534
     20588
     42601
     98005
     91831
     12994
       826
     38436
     56725
     69338
     70109
     59985
     84243
     31057
     59334
     91235
     68546
     70782
     72417
     79739
      8624
     14892
     31281
     93484
     99839
     83960
      8446
     39536
     28015
     18741
     20814
     96697
     45977
     69886
     35808
     45323
     46959
     64254
     62814
       407
     59371
     60272
     46755
     29582
     47836
     11367
     73288
     67005
      1012
     93576
     17445
     94636
     89770
     56787
     87718
     90346
      1757
     24136
     29991
     27162
     11007
     82684
     81746
     26235
     65199
     88145
     49204
     55655
     97265
     11154
     48850
     24898
     30101
     24291
     75941
     27759
     65419
     82403
     79081
     45796
     64611
     23499
     76614
     40191
     60915
     59970
     34639
     85833
     89549
     52556
     88157
     68889
     91827
     73093
     22099
     13163
     86407
     14573
     49606
     65161
      9144
      1320
     65539
     79271
     40837
      4058
     74070
     66593
     91758
     84893
     14092
     52161
     48471
     44789
     20900
     54456
     38567
     63305
     97582
     72874
     37814
     52961
     27591
     89802
     75950
     17525
     92548
     64274
     62292
     94024
     85745
     11853
     20607
     32106
     21956
     86889
     21991
     35980
     60832
     32139
     51092
     86371
     55509
     41081
     37686
     76300
      8390
     80994
     25864
     64883
     36398
     29924
     58908
     42359
     84323
     28969
     33838
     96740
     74852
     66181
     82513
     76210
     10739
      9686
      7172
     32791
     54073
     18566
     75377
      2483
     65182
     18595
     64621
     23238
     73427
     53378
     86701
     46896
     35901
     72893
     27319
     76903
     22649
     98799
     11113
     39921
     67962
     46028
     78554
     89548
     42583
     18482
     37573
     49252
     34404
     41971
     14457
     92630
     82132
     76155
     62170
     77210
     84630
     90950
     25989
     11625
     46556
     44775
     81260
     78916
       107
     67201
     55891
     51109
     55930
     40092
     73498
     61524
     34076
     70530
     58996
     20064
     16281
     85020
     80771
      1687
     25963
     52300
     34844
     30487
     74211
     72912
     16824
       854
     17707
      7805
     46267
     62317
     43376
     27782
     94816
     85072
     99412
     25111
     54539
     66398
     46852
     97044
      6923
     49289
      3441
     20180
     73248
     68049
     13760
     40828
     14292
     46941
     84722
      8556
     36665
     92949
     63807
      4487
     52874
     59859
     27537
     51215
     13167
     26308
     93291
     74879
     35479
     63909
     21823
     60363
     54379
     70574
     97844
     86034
     94302
     58491
     83240
     27238
     69018
     78461
     61978
     62223
      5833
     77738
     50851
     82662
     62322
     93241
     76184
     51414
     97965
     92875
     25742
     48069
     35283
      9030
     64290
     21878
      8932
     86846
     93107
     39685
     14127
      1252
     87312
     40948
     11160
      8697
     42984
     18015
     79759
      8102
      8518
     57655
     45065
     73691
     86484
     82557
     15067
     76709
     87707
     80634
     35260
     79624
     61621
      1547
     29617
     96918
     50208
     69447
     57265
     55244
     97993
     72146
     76813
     24998
     27491
     92412
      7829
     85637
     34670
     95023
     49672
     23442
      8108
     68356
     75741
     32979
     29168
     18645
     63316
      7303
     39371
     82317
     21331
     53206
     71192
     61716
     49063
     49336
     72208
     95193
     45235
     69254
     32305
      6763
     53465
     54433
      9170
     60636
     77251
     93559
     47886
     10062
     57353
     32949
     29951
     28206
     23755
     29936
     78593
     78531
     60151
     39914
     98142
     58258
     59324
     91496
     71733
     57595
     46631
     92813
      7362
     27832
     93511
     69137
     65356
     54050
     89160
     72708
     82143
     85867
     28667
     21722
     53000
     16574
      7379
     97382
     78094
      1563
     89194
     11826
     51309
     50710
     76343
     37265
     77289
     72569
     95770
       178
     75347
      3266
     74743
     79025
     87254
     62460
     69641
     92198
     73409
     73846
     32443
     83154
     69479
     76428
     85042
       204
     34672
     14978
