b  1        127         8001        4069          6
b  1        511       130305       61553          4
b  1       2047      2094081     1061740         50
b  1       8191     33542145    16800588        732
b  1      32767    536821761   267792282      11967
b  1     131071   8589737985  4055965377     380987
b  1     524287 137438167041 23714120268    9467034
h  1        127         1406         824          0
h  1        511         7825        4428          2
h  1       2047        39395       21695          2
h  1       8191       190942      103605          6
h  1      32767       894966      479915         36
h  1     131071      4104414     2182200        237
h  1     524287     18515413     9777343       1451
i  1        127         4189        4069          3
i  1        511        62062       61553          3
i  1       2047      1063776     1061740         32
i  1       8191     16808771    16800588        463
i  1      32767    267825032   267792282       8461
i  1     131071   4297476657  4297345602     263683
i  1     524287  68729835541 68729311268   10731008
q  1        127          982         208          0
q  1        511         5032        1072          1
q  1       2047        24845        5408          1
q  1       8191       125599       25156          3
q  1      32767       558450      117280         23
q  1     131071      2663283      525966        106
q  1     524287     12649644     2264428        684
